mu = 3.986004418E14 /1000^3;

